# Time (s)               Height (mm)              Diameter (mm)            Length(mm)               Observer
2.290300000000000011e+02 4.850000000000000000e+02 8.800000000000000044e-01 8.700000000000000000e+02 0.000000000000000000e+00
2.280000000000000000e+02 4.850000000000000000e+02 8.800000000000000044e-01 8.700000000000000000e+02 0.000000000000000000e+00
2.280000000000000000e+02 4.850000000000000000e+02 8.800000000000000044e-01 8.700000000000000000e+02 0.000000000000000000e+00
6.252000000000000313e+01 4.850000000000000000e+02 8.800000000000000044e-01 1.400000000000000000e+02 0.000000000000000000e+00
6.265999999999999659e+01 4.850000000000000000e+02 8.800000000000000044e-01 1.400000000000000000e+02 0.000000000000000000e+00
6.371000000000000085e+01 4.850000000000000000e+02 8.800000000000000044e-01 1.400000000000000000e+02 0.000000000000000000e+00
5.927000000000000313e+01 4.850000000000000000e+02 8.800000000000000044e-01 1.400000000000000000e+02 1.000000000000000000e+00
6.020000000000000284e+01 4.850000000000000000e+02 8.800000000000000044e-01 1.400000000000000000e+02 1.000000000000000000e+00
6.086999999999999744e+01 4.850000000000000000e+02 8.800000000000000044e-01 1.400000000000000000e+02 1.000000000000000000e+00
4.986999999999999744e+01 4.850000000000000000e+02 1.370000000000000107e+00 8.700000000000000000e+02 0.000000000000000000e+00
5.143999999999999773e+01 4.850000000000000000e+02 1.370000000000000107e+00 8.700000000000000000e+02 0.000000000000000000e+00
4.482999999999999829e+01 4.850000000000000000e+02 1.370000000000000107e+00 8.700000000000000000e+02 0.000000000000000000e+00
1.898999999999999844e+01 4.850000000000000000e+02 1.370000000000000107e+00 2.500000000000000000e+02 0.000000000000000000e+00
1.801000000000000156e+01 4.850000000000000000e+02 1.370000000000000107e+00 2.500000000000000000e+02 0.000000000000000000e+00
1.671999999999999886e+01 4.850000000000000000e+02 1.370000000000000107e+00 2.500000000000000000e+02 0.000000000000000000e+00
1.655000000000000071e+01 4.600000000000000000e+02 1.370000000000000107e+00 2.500000000000000000e+02 0.000000000000000000e+00
1.921999999999999886e+01 4.600000000000000000e+02 1.370000000000000107e+00 2.500000000000000000e+02 0.000000000000000000e+00
1.948000000000000043e+01 4.600000000000000000e+02 1.370000000000000107e+00 2.500000000000000000e+02 0.000000000000000000e+00
1.771000000000000085e+01 4.350000000000000000e+02 1.370000000000000107e+00 2.500000000000000000e+02 0.000000000000000000e+00
2.069000000000000128e+01 4.350000000000000000e+02 1.370000000000000107e+00 2.500000000000000000e+02 0.000000000000000000e+00
2.023000000000000043e+01 4.350000000000000000e+02 1.370000000000000107e+00 2.500000000000000000e+02 0.000000000000000000e+00
1.967999999999999972e+01 4.100000000000000000e+02 1.370000000000000107e+00 2.500000000000000000e+02 0.000000000000000000e+00
2.000000000000000000e+01 4.100000000000000000e+02 1.370000000000000107e+00 2.500000000000000000e+02 0.000000000000000000e+00
2.212999999999999901e+01 4.100000000000000000e+02 1.370000000000000107e+00 2.500000000000000000e+02 0.000000000000000000e+00
2.001999999999999957e+01 3.850000000000000000e+02 1.370000000000000107e+00 2.500000000000000000e+02 0.000000000000000000e+00
2.350000000000000000e+01 3.850000000000000000e+02 1.370000000000000107e+00 2.500000000000000000e+02 0.000000000000000000e+00
2.201999999999999957e+01 3.850000000000000000e+02 1.370000000000000107e+00 2.500000000000000000e+02 0.000000000000000000e+00
2.135999999999999943e+01 3.600000000000000000e+02 1.370000000000000107e+00 2.500000000000000000e+02 0.000000000000000000e+00
2.353000000000000114e+01 3.600000000000000000e+02 1.370000000000000107e+00 2.500000000000000000e+02 0.000000000000000000e+00
2.498000000000000043e+01 3.600000000000000000e+02 1.370000000000000107e+00 2.500000000000000000e+02 0.000000000000000000e+00
2.267999999999999972e+01 3.350000000000000000e+02 1.370000000000000107e+00 2.500000000000000000e+02 0.000000000000000000e+00
2.342999999999999972e+01 3.350000000000000000e+02 1.370000000000000107e+00 2.500000000000000000e+02 0.000000000000000000e+00
2.632999999999999829e+01 3.350000000000000000e+02 1.370000000000000107e+00 2.500000000000000000e+02 0.000000000000000000e+00
1.714999999999999858e+01 4.850000000000000000e+02 1.370000000000000107e+00 2.500000000000000000e+02 1.000000000000000000e+00
1.580000000000000071e+01 4.850000000000000000e+02 1.370000000000000107e+00 2.500000000000000000e+02 1.000000000000000000e+00
1.832999999999999829e+01 4.850000000000000000e+02 1.370000000000000107e+00 2.500000000000000000e+02 1.000000000000000000e+00
1.678000000000000114e+01 4.600000000000000000e+02 1.370000000000000107e+00 2.500000000000000000e+02 1.000000000000000000e+00
2.128999999999999915e+01 4.600000000000000000e+02 1.370000000000000107e+00 2.500000000000000000e+02 1.000000000000000000e+00
1.678000000000000114e+01 4.600000000000000000e+02 1.370000000000000107e+00 2.500000000000000000e+02 1.000000000000000000e+00
1.844000000000000128e+01 4.350000000000000000e+02 1.370000000000000107e+00 2.500000000000000000e+02 1.000000000000000000e+00
1.914000000000000057e+01 4.350000000000000000e+02 1.370000000000000107e+00 2.500000000000000000e+02 1.000000000000000000e+00
2.117999999999999972e+01 4.350000000000000000e+02 1.370000000000000107e+00 2.500000000000000000e+02 1.000000000000000000e+00
1.967999999999999972e+01 4.100000000000000000e+02 1.370000000000000107e+00 2.500000000000000000e+02 1.000000000000000000e+00
1.876999999999999957e+01 4.100000000000000000e+02 1.370000000000000107e+00 2.500000000000000000e+02 1.000000000000000000e+00
2.316000000000000014e+01 4.100000000000000000e+02 1.370000000000000107e+00 2.500000000000000000e+02 1.000000000000000000e+00
1.957000000000000028e+01 3.850000000000000000e+02 1.370000000000000107e+00 2.500000000000000000e+02 1.000000000000000000e+00
2.271000000000000085e+01 3.850000000000000000e+02 1.370000000000000107e+00 2.500000000000000000e+02 1.000000000000000000e+00
2.267000000000000171e+01 3.850000000000000000e+02 1.370000000000000107e+00 2.500000000000000000e+02 1.000000000000000000e+00
2.151999999999999957e+01 3.600000000000000000e+02 1.370000000000000107e+00 2.500000000000000000e+02 1.000000000000000000e+00
2.182999999999999829e+01 3.600000000000000000e+02 1.370000000000000107e+00 2.500000000000000000e+02 1.000000000000000000e+00
2.505999999999999872e+01 3.600000000000000000e+02 1.370000000000000107e+00 2.500000000000000000e+02 1.000000000000000000e+00
2.201000000000000156e+01 3.350000000000000000e+02 1.370000000000000107e+00 2.500000000000000000e+02 1.000000000000000000e+00
2.335999999999999943e+01 3.350000000000000000e+02 1.370000000000000107e+00 2.500000000000000000e+02 1.000000000000000000e+00
2.541000000000000014e+01 3.350000000000000000e+02 1.370000000000000107e+00 2.500000000000000000e+02 1.000000000000000000e+00
3.507000000000000028e+01 4.850000000000000000e+02 1.540000000000000036e+00 8.750000000000000000e+02 0.000000000000000000e+00
3.364000000000000057e+01 4.850000000000000000e+02 1.540000000000000036e+00 8.750000000000000000e+02 0.000000000000000000e+00
3.278999999999999915e+01 4.850000000000000000e+02 1.540000000000000036e+00 8.750000000000000000e+02 0.000000000000000000e+00
4.664999999999999858e+01 4.600000000000000000e+02 1.540000000000000036e+00 8.750000000000000000e+02 0.000000000000000000e+00
4.875000000000000000e+01 4.600000000000000000e+02 1.540000000000000036e+00 8.750000000000000000e+02 0.000000000000000000e+00
4.082999999999999829e+01 4.600000000000000000e+02 1.540000000000000036e+00 8.750000000000000000e+02 0.000000000000000000e+00
1.342999999999999972e+01 4.850000000000000000e+02 1.540000000000000036e+00 2.800000000000000000e+02 0.000000000000000000e+00
1.411999999999999922e+01 4.850000000000000000e+02 1.540000000000000036e+00 2.800000000000000000e+02 0.000000000000000000e+00
1.403999999999999915e+01 4.850000000000000000e+02 1.540000000000000036e+00 2.800000000000000000e+02 0.000000000000000000e+00
1.380000000000000071e+01 4.600000000000000000e+02 1.540000000000000036e+00 2.800000000000000000e+02 0.000000000000000000e+00
1.515000000000000036e+01 4.600000000000000000e+02 1.540000000000000036e+00 2.800000000000000000e+02 0.000000000000000000e+00
1.458000000000000007e+01 4.600000000000000000e+02 1.540000000000000036e+00 2.800000000000000000e+02 0.000000000000000000e+00
1.426999999999999957e+01 4.350000000000000000e+02 1.540000000000000036e+00 2.800000000000000000e+02 0.000000000000000000e+00
1.552999999999999936e+01 4.350000000000000000e+02 1.540000000000000036e+00 2.800000000000000000e+02 0.000000000000000000e+00
1.397000000000000064e+01 4.350000000000000000e+02 1.540000000000000036e+00 2.800000000000000000e+02 0.000000000000000000e+00
1.483000000000000007e+01 4.100000000000000000e+02 1.540000000000000036e+00 2.800000000000000000e+02 0.000000000000000000e+00
1.533999999999999986e+01 4.100000000000000000e+02 1.540000000000000036e+00 2.800000000000000000e+02 0.000000000000000000e+00
1.651000000000000156e+01 4.100000000000000000e+02 1.540000000000000036e+00 2.800000000000000000e+02 0.000000000000000000e+00
1.469999999999999929e+01 3.850000000000000000e+02 1.540000000000000036e+00 2.800000000000000000e+02 0.000000000000000000e+00
1.559999999999999964e+01 3.850000000000000000e+02 1.540000000000000036e+00 2.800000000000000000e+02 0.000000000000000000e+00
1.862999999999999901e+01 3.850000000000000000e+02 1.540000000000000036e+00 2.800000000000000000e+02 0.000000000000000000e+00
1.540000000000000036e+01 3.600000000000000000e+02 1.540000000000000036e+00 2.800000000000000000e+02 0.000000000000000000e+00
1.771999999999999886e+01 3.600000000000000000e+02 1.540000000000000036e+00 2.800000000000000000e+02 0.000000000000000000e+00
1.885000000000000142e+01 3.600000000000000000e+02 1.540000000000000036e+00 2.800000000000000000e+02 0.000000000000000000e+00
1.848999999999999844e+01 3.350000000000000000e+02 1.540000000000000036e+00 2.800000000000000000e+02 0.000000000000000000e+00
2.037000000000000099e+01 3.350000000000000000e+02 1.540000000000000036e+00 2.800000000000000000e+02 0.000000000000000000e+00
1.869999999999999929e+01 3.350000000000000000e+02 1.540000000000000036e+00 2.800000000000000000e+02 0.000000000000000000e+00
1.364000000000000057e+01 4.850000000000000000e+02 1.540000000000000036e+00 2.800000000000000000e+02 1.000000000000000000e+00
1.375999999999999979e+01 4.850000000000000000e+02 1.540000000000000036e+00 2.800000000000000000e+02 1.000000000000000000e+00
1.321000000000000085e+01 4.850000000000000000e+02 1.540000000000000036e+00 2.800000000000000000e+02 1.000000000000000000e+00
1.536999999999999922e+01 4.350000000000000000e+02 1.540000000000000036e+00 2.800000000000000000e+02 1.000000000000000000e+00
1.451999999999999957e+01 4.350000000000000000e+02 1.540000000000000036e+00 2.800000000000000000e+02 1.000000000000000000e+00
1.533000000000000007e+01 4.350000000000000000e+02 1.540000000000000036e+00 2.800000000000000000e+02 1.000000000000000000e+00
1.477999999999999936e+01 4.100000000000000000e+02 1.540000000000000036e+00 2.800000000000000000e+02 1.000000000000000000e+00
1.466000000000000014e+01 4.100000000000000000e+02 1.540000000000000036e+00 2.800000000000000000e+02 1.000000000000000000e+00
1.669999999999999929e+01 4.100000000000000000e+02 1.540000000000000036e+00 2.800000000000000000e+02 1.000000000000000000e+00
1.783999999999999986e+01 3.850000000000000000e+02 1.540000000000000036e+00 2.800000000000000000e+02 1.000000000000000000e+00
1.701000000000000156e+01 3.850000000000000000e+02 1.540000000000000036e+00 2.800000000000000000e+02 1.000000000000000000e+00
1.728000000000000114e+01 3.850000000000000000e+02 1.540000000000000036e+00 2.800000000000000000e+02 1.000000000000000000e+00
1.807000000000000028e+01 3.600000000000000000e+02 1.540000000000000036e+00 2.800000000000000000e+02 1.000000000000000000e+00
1.666000000000000014e+01 3.600000000000000000e+02 1.540000000000000036e+00 2.800000000000000000e+02 1.000000000000000000e+00
1.701999999999999957e+01 3.600000000000000000e+02 1.540000000000000036e+00 2.800000000000000000e+02 1.000000000000000000e+00
1.687999999999999901e+01 3.350000000000000000e+02 1.540000000000000036e+00 2.800000000000000000e+02 1.000000000000000000e+00
1.807999999999999829e+01 3.350000000000000000e+02 1.540000000000000036e+00 2.800000000000000000e+02 1.000000000000000000e+00
1.568999999999999950e+01 3.350000000000000000e+02 1.540000000000000036e+00 2.800000000000000000e+02 1.000000000000000000e+00
2.050000000000000000e+01 4.850000000000000000e+02 1.750000000000000000e+00 8.750000000000000000e+02 0.000000000000000000e+00
2.121000000000000085e+01 4.850000000000000000e+02 1.750000000000000000e+00 8.750000000000000000e+02 0.000000000000000000e+00
2.135999999999999943e+01 4.850000000000000000e+02 1.750000000000000000e+00 8.750000000000000000e+02 0.000000000000000000e+00
2.341000000000000014e+01 4.600000000000000000e+02 1.750000000000000000e+00 8.750000000000000000e+02 0.000000000000000000e+00
2.150000000000000000e+01 4.600000000000000000e+02 1.750000000000000000e+00 8.750000000000000000e+02 0.000000000000000000e+00
2.237000000000000099e+01 4.600000000000000000e+02 1.750000000000000000e+00 8.750000000000000000e+02 0.000000000000000000e+00
2.364999999999999858e+01 4.350000000000000000e+02 1.750000000000000000e+00 8.750000000000000000e+02 0.000000000000000000e+00
2.446000000000000085e+01 4.350000000000000000e+02 1.750000000000000000e+00 8.750000000000000000e+02 0.000000000000000000e+00
2.505999999999999872e+01 4.350000000000000000e+02 1.750000000000000000e+00 8.750000000000000000e+02 0.000000000000000000e+00
2.180000000000000071e+01 4.850000000000000000e+02 1.750000000000000000e+00 8.750000000000000000e+02 1.000000000000000000e+00
1.998999999999999844e+01 4.850000000000000000e+02 1.750000000000000000e+00 8.750000000000000000e+02 1.000000000000000000e+00
2.155999999999999872e+01 4.850000000000000000e+02 1.750000000000000000e+00 8.750000000000000000e+02 1.000000000000000000e+00
2.323999999999999844e+01 4.600000000000000000e+02 1.750000000000000000e+00 8.750000000000000000e+02 1.000000000000000000e+00
2.158999999999999986e+01 4.600000000000000000e+02 1.750000000000000000e+00 8.750000000000000000e+02 1.000000000000000000e+00
2.316000000000000014e+01 4.600000000000000000e+02 1.750000000000000000e+00 8.750000000000000000e+02 1.000000000000000000e+00
2.366000000000000014e+01 4.350000000000000000e+02 1.750000000000000000e+00 8.750000000000000000e+02 1.000000000000000000e+00
2.441000000000000014e+01 4.350000000000000000e+02 1.750000000000000000e+00 8.750000000000000000e+02 1.000000000000000000e+00
2.503000000000000114e+01 4.350000000000000000e+02 1.750000000000000000e+00 8.750000000000000000e+02 1.000000000000000000e+00
8.400000000000000355e+00 4.850000000000000000e+02 1.750000000000000000e+00 3.180000000000000000e+02 0.000000000000000000e+00
9.339999999999999858e+00 4.850000000000000000e+02 1.750000000000000000e+00 3.180000000000000000e+02 0.000000000000000000e+00
9.980000000000000426e+00 4.850000000000000000e+02 1.750000000000000000e+00 3.180000000000000000e+02 0.000000000000000000e+00
9.339999999999999858e+00 4.600000000000000000e+02 1.750000000000000000e+00 3.180000000000000000e+02 0.000000000000000000e+00
9.250000000000000000e+00 4.600000000000000000e+02 1.750000000000000000e+00 3.180000000000000000e+02 0.000000000000000000e+00
1.050999999999999979e+01 4.600000000000000000e+02 1.750000000000000000e+00 3.180000000000000000e+02 0.000000000000000000e+00
1.056000000000000050e+01 4.350000000000000000e+02 1.750000000000000000e+00 3.180000000000000000e+02 0.000000000000000000e+00
9.679999999999999716e+00 4.350000000000000000e+02 1.750000000000000000e+00 3.180000000000000000e+02 0.000000000000000000e+00
1.064000000000000057e+01 4.350000000000000000e+02 1.750000000000000000e+00 3.180000000000000000e+02 0.000000000000000000e+00
9.470000000000000639e+00 4.100000000000000000e+02 1.750000000000000000e+00 3.180000000000000000e+02 0.000000000000000000e+00
1.158999999999999986e+01 4.100000000000000000e+02 1.750000000000000000e+00 3.180000000000000000e+02 0.000000000000000000e+00
1.073000000000000043e+01 4.100000000000000000e+02 1.750000000000000000e+00 3.180000000000000000e+02 0.000000000000000000e+00
1.008000000000000007e+01 3.850000000000000000e+02 1.750000000000000000e+00 3.180000000000000000e+02 0.000000000000000000e+00
1.197000000000000064e+01 3.850000000000000000e+02 1.750000000000000000e+00 3.180000000000000000e+02 0.000000000000000000e+00
1.258000000000000007e+01 3.850000000000000000e+02 1.750000000000000000e+00 3.180000000000000000e+02 0.000000000000000000e+00
1.092999999999999972e+01 3.600000000000000000e+02 1.750000000000000000e+00 3.180000000000000000e+02 0.000000000000000000e+00
1.193999999999999950e+01 3.600000000000000000e+02 1.750000000000000000e+00 3.180000000000000000e+02 0.000000000000000000e+00
1.316000000000000014e+01 3.600000000000000000e+02 1.750000000000000000e+00 3.180000000000000000e+02 0.000000000000000000e+00
1.183000000000000007e+01 3.350000000000000000e+02 1.750000000000000000e+00 3.180000000000000000e+02 0.000000000000000000e+00
1.500000000000000000e+01 3.350000000000000000e+02 1.750000000000000000e+00 3.180000000000000000e+02 0.000000000000000000e+00
1.191999999999999993e+01 3.350000000000000000e+02 1.750000000000000000e+00 3.180000000000000000e+02 0.000000000000000000e+00
9.339999999999999858e+00 4.850000000000000000e+02 1.750000000000000000e+00 3.180000000000000000e+02 1.000000000000000000e+00
8.589999999999999858e+00 4.850000000000000000e+02 1.750000000000000000e+00 3.180000000000000000e+02 1.000000000000000000e+00
9.339999999999999858e+00 4.850000000000000000e+02 1.750000000000000000e+00 3.180000000000000000e+02 1.000000000000000000e+00
9.099999999999999645e+00 4.600000000000000000e+02 1.750000000000000000e+00 3.180000000000000000e+02 1.000000000000000000e+00
9.800000000000000711e+00 4.600000000000000000e+02 1.750000000000000000e+00 3.180000000000000000e+02 1.000000000000000000e+00
1.044999999999999929e+01 4.600000000000000000e+02 1.750000000000000000e+00 3.180000000000000000e+02 1.000000000000000000e+00
9.949999999999999289e+00 4.350000000000000000e+02 1.750000000000000000e+00 3.180000000000000000e+02 1.000000000000000000e+00
9.259999999999999787e+00 4.350000000000000000e+02 1.750000000000000000e+00 3.180000000000000000e+02 1.000000000000000000e+00
9.500000000000000000e+00 4.350000000000000000e+02 1.750000000000000000e+00 3.180000000000000000e+02 1.000000000000000000e+00
9.919999999999999929e+00 4.100000000000000000e+02 1.750000000000000000e+00 3.180000000000000000e+02 1.000000000000000000e+00
1.031000000000000050e+01 4.100000000000000000e+02 1.750000000000000000e+00 3.180000000000000000e+02 1.000000000000000000e+00
1.102999999999999936e+01 4.100000000000000000e+02 1.750000000000000000e+00 3.180000000000000000e+02 1.000000000000000000e+00
1.109999999999999964e+01 3.850000000000000000e+02 1.750000000000000000e+00 3.180000000000000000e+02 1.000000000000000000e+00
1.044999999999999929e+01 3.850000000000000000e+02 1.750000000000000000e+00 3.180000000000000000e+02 1.000000000000000000e+00
1.225000000000000000e+01 3.850000000000000000e+02 1.750000000000000000e+00 3.180000000000000000e+02 1.000000000000000000e+00
1.111999999999999922e+01 3.600000000000000000e+02 1.750000000000000000e+00 3.180000000000000000e+02 1.000000000000000000e+00
1.174000000000000021e+01 3.600000000000000000e+02 1.750000000000000000e+00 3.180000000000000000e+02 1.000000000000000000e+00
1.155000000000000071e+01 3.600000000000000000e+02 1.750000000000000000e+00 3.180000000000000000e+02 1.000000000000000000e+00
1.146000000000000085e+01 3.350000000000000000e+02 1.750000000000000000e+00 3.180000000000000000e+02 1.000000000000000000e+00
1.316999999999999993e+01 3.350000000000000000e+02 1.750000000000000000e+00 3.180000000000000000e+02 1.000000000000000000e+00
1.499000000000000021e+01 3.350000000000000000e+02 1.750000000000000000e+00 3.180000000000000000e+02 1.000000000000000000e+00
1.376100000000000136e+02 4.850000000000000000e+02 1.070000000000000062e+00 8.750000000000000000e+02 0.000000000000000000e+00
1.370300000000000011e+02 4.850000000000000000e+02 1.070000000000000062e+00 8.750000000000000000e+02 0.000000000000000000e+00
1.500000000000000000e+02 4.850000000000000000e+02 1.070000000000000062e+00 8.750000000000000000e+02 0.000000000000000000e+00
3.091000000000000014e+01 4.850000000000000000e+02 1.070000000000000062e+00 1.830000000000000000e+02 0.000000000000000000e+00
3.121999999999999886e+01 4.850000000000000000e+02 1.070000000000000062e+00 1.830000000000000000e+02 0.000000000000000000e+00
3.202000000000000313e+01 4.850000000000000000e+02 1.070000000000000062e+00 1.830000000000000000e+02 0.000000000000000000e+00
2.935000000000000142e+01 4.600000000000000000e+02 1.070000000000000062e+00 1.830000000000000000e+02 0.000000000000000000e+00
3.513000000000000256e+01 4.600000000000000000e+02 1.070000000000000062e+00 1.830000000000000000e+02 0.000000000000000000e+00
3.506000000000000227e+01 4.600000000000000000e+02 1.070000000000000062e+00 1.830000000000000000e+02 0.000000000000000000e+00
3.415999999999999659e+01 4.350000000000000000e+02 1.070000000000000062e+00 1.830000000000000000e+02 0.000000000000000000e+00
4.190999999999999659e+01 4.350000000000000000e+02 1.070000000000000062e+00 1.830000000000000000e+02 0.000000000000000000e+00
3.818999999999999773e+01 4.350000000000000000e+02 1.070000000000000062e+00 1.830000000000000000e+02 0.000000000000000000e+00
3.729999999999999716e+01 4.100000000000000000e+02 1.070000000000000062e+00 1.830000000000000000e+02 0.000000000000000000e+00
4.353000000000000114e+01 4.100000000000000000e+02 1.070000000000000062e+00 1.830000000000000000e+02 0.000000000000000000e+00
4.342000000000000171e+01 4.100000000000000000e+02 1.070000000000000062e+00 1.830000000000000000e+02 0.000000000000000000e+00
3.970000000000000284e+01 3.850000000000000000e+02 1.070000000000000062e+00 1.830000000000000000e+02 0.000000000000000000e+00
4.590999999999999659e+01 3.850000000000000000e+02 1.070000000000000062e+00 1.830000000000000000e+02 0.000000000000000000e+00
4.485999999999999943e+01 3.850000000000000000e+02 1.070000000000000062e+00 1.830000000000000000e+02 0.000000000000000000e+00
4.193999999999999773e+01 3.600000000000000000e+02 1.070000000000000062e+00 1.830000000000000000e+02 0.000000000000000000e+00
4.414000000000000057e+01 3.600000000000000000e+02 1.070000000000000062e+00 1.830000000000000000e+02 0.000000000000000000e+00
4.485999999999999943e+01 3.600000000000000000e+02 1.070000000000000062e+00 1.830000000000000000e+02 0.000000000000000000e+00
4.539000000000000057e+01 3.350000000000000000e+02 1.070000000000000062e+00 1.830000000000000000e+02 0.000000000000000000e+00
4.856000000000000227e+01 3.350000000000000000e+02 1.070000000000000062e+00 1.830000000000000000e+02 0.000000000000000000e+00
5.000999999999999801e+01 3.350000000000000000e+02 1.070000000000000062e+00 1.830000000000000000e+02 0.000000000000000000e+00
3.121999999999999886e+01 4.850000000000000000e+02 1.070000000000000062e+00 1.830000000000000000e+02 1.000000000000000000e+00
3.203000000000000114e+01 4.850000000000000000e+02 1.070000000000000062e+00 1.830000000000000000e+02 1.000000000000000000e+00
3.511999999999999744e+01 4.600000000000000000e+02 1.070000000000000062e+00 1.830000000000000000e+02 1.000000000000000000e+00
3.402000000000000313e+01 4.600000000000000000e+02 1.070000000000000062e+00 1.830000000000000000e+02 1.000000000000000000e+00
3.415999999999999659e+01 4.350000000000000000e+02 1.070000000000000062e+00 1.830000000000000000e+02 1.000000000000000000e+00
3.818999999999999773e+01 4.350000000000000000e+02 1.070000000000000062e+00 1.830000000000000000e+02 1.000000000000000000e+00
3.761999999999999744e+01 4.100000000000000000e+02 1.070000000000000062e+00 1.830000000000000000e+02 1.000000000000000000e+00
4.034000000000000341e+01 4.100000000000000000e+02 1.070000000000000062e+00 1.830000000000000000e+02 1.000000000000000000e+00
3.942999999999999972e+01 3.850000000000000000e+02 1.070000000000000062e+00 1.830000000000000000e+02 1.000000000000000000e+00
4.161999999999999744e+01 3.850000000000000000e+02 1.070000000000000062e+00 1.830000000000000000e+02 1.000000000000000000e+00
4.622999999999999687e+01 3.600000000000000000e+02 1.070000000000000062e+00 1.830000000000000000e+02 1.000000000000000000e+00
4.804999999999999716e+01 3.600000000000000000e+02 1.070000000000000062e+00 1.830000000000000000e+02 1.000000000000000000e+00
4.745000000000000284e+01 3.350000000000000000e+02 1.070000000000000062e+00 1.830000000000000000e+02 1.000000000000000000e+00
4.617000000000000171e+01 3.350000000000000000e+02 1.070000000000000062e+00 1.830000000000000000e+02 1.000000000000000000e+00
4.838000000000000256e+01 3.350000000000000000e+02 1.070000000000000062e+00 1.830000000000000000e+02 1.000000000000000000e+00
